20 23
0 16
0 Oradea 172 32
1 Zerind 124 120
2 Arad 86 204
3 Timisoara 93 380
4 Lugoj 245 448
5 Mehadia 252 532
6 Drobeta 245 619
7 Sibiu 447 277
8 RimnicuVilcea 391 380
9 Craiova 434 644
10 Fagaras 550 295
11 Pitesti 581 471
12 Bucharest 752 557
13 Giurgiu 697 680
14 Urziceni 875 509
15 Vaslui 987 304
16 Iasi 910 173
17 Neamt 764 106
18 Hirsova 1039 509
19 Eforie 1101 631
0 1 71
0 7 151
1 2 75
2 7 140
2 3 118
3 4 111
4 5 70
5 6 75
6 9 120
7 10 99
7 8 80
8 9 146
10 12 211
8 11 97
11 9 138
11 12 101
12 13 90
12 14 85
14 15 142
15 16 92
16 17 97
14 18 98
18 19 86